19.475494	49.599686
19.475538	49.595787
19.482437	49.595821
19.482491	49.591312
19.489389	49.591347
19.489435	49.586834
19.495193	49.586864
19.496334	49.586868
19.496359	49.584778
19.496382	49.582733
19.496384	49.582359
19.497707	49.582367
19.503283	49.582394
19.510181	49.582424
19.510229	49.577915
19.51409	49.57793
19.517126	49.577946
19.517162	49.574505
19.517174	49.573437
19.524071	49.573471
19.524075	49.573067
19.524117	49.568958
19.531012	49.568993
19.531057	49.56448
19.531103	49.559971
19.531141	49.556076
19.531147	49.555462
19.532015	49.555466
19.53804	49.555492
19.538088	49.550983
19.538132	49.546471
19.538176	49.541962
19.538219	49.537453
19.538261	49.53294
19.545155	49.53297
19.545198	49.528461
19.545242	49.523952
19.545286	49.51944
19.552176	49.51947
19.552217	49.514961
19.552261	49.510452
19.552303	49.505939
19.559193	49.50597
19.559235	49.501461
19.559277	49.496948
19.559319	49.492439
19.566204	49.49247
19.566246	49.487957
19.566286	49.483448
19.566307	49.481213
19.566309	49.480976
19.566328	49.478939
19.568014	49.478947
19.568945	49.478951
19.573212	49.478966
19.573254	49.474457
19.573271	49.472687
19.573294	49.469948
19.575563	49.469955
19.580175	49.469975
19.580214	49.465466
19.587097	49.465492
19.587137	49.460979
19.593094	49.461006
19.594017	49.46101
19.600901	49.461037
19.600933	49.456669
19.600937	49.456524
19.6012	49.456524
19.607817	49.456551
19.607857	49.452042
19.607876	49.449543
19.607891	49.447529
19.613342	49.447552
19.614771	49.447556
19.614775	49.447029
19.614807	49.443157
19.614807	49.443047
19.621689	49.443069
19.625589	49.443085
19.628565	49.443096
19.628546	49.445522
19.628531	49.447605
19.633671	49.447624
19.635408	49.447632
19.642286	49.447655
19.642321	49.443142
19.642353	49.438778
19.642355	49.438633
19.642372	49.436275
19.642389	49.434124
19.642422	49.429787
19.642424	49.429611
19.645445	49.429623
19.6493	49.429634
19.649334	49.425125
19.649366	49.420616
19.643635	49.420593
19.642492	49.420589
19.642527	49.41608
19.642559	49.411572
19.635687	49.411545
19.635719	49.407036
19.635736	49.404907
19.635756	49.402527
19.642632	49.40255
19.649502	49.402573
19.655933	49.402596
19.656374	49.402596
19.663246	49.402618
19.663593	49.402618
19.670118	49.402641
19.670134	49.400539
19.670151	49.398129
19.677021	49.398151
19.683517	49.398174
19.683891	49.398174
19.690765	49.398193
19.697638	49.398212
19.704508	49.398232
19.704536	49.393723
19.711409	49.393742
19.711435	49.389233
19.718306	49.389252
19.718309	49.388699
19.718334	49.384739
19.725203	49.384758
19.72518	49.389267
19.732048	49.389286
19.732035	49.391525
19.732021	49.393799
19.738895	49.393814
19.738871	49.398327
19.745739	49.398342
19.745716	49.402855
19.750866	49.402866
19.752588	49.40287
19.752583	49.403854
19.752565	49.407379
19.759436	49.407398
19.762968	49.407406
19.766314	49.407413
19.773184	49.407429
19.780058	49.407444
19.78693	49.407455
19.786949	49.403145
19.786949	49.402946
19.789213	49.40295
19.793823	49.402962
19.793842	49.398449
19.793863	49.39394
19.793882	49.389427
19.793901	49.384918
19.793917	49.381058
19.793921	49.380783
19.793922	49.380405
19.793943	49.375896
19.795179	49.3759
19.798805	49.375904
19.80081	49.375908
19.800829	49.371399
19.800848	49.366886
19.800867	49.362377
19.800886	49.357868
19.807753	49.35788
19.80777	49.353603
19.80777	49.353367
19.800905	49.353355
19.800924	49.348846
19.800943	49.344334
19.800962	49.339825
19.800964	49.339489
19.800982	49.335312
19.801001	49.330803
19.801003	49.330387
19.801018	49.32629
19.803865	49.326294
19.807878	49.326302
19.807898	49.321793
19.807917	49.31728
19.807936	49.312771
19.806381	49.312767
19.801073	49.312756
19.801094	49.308247
19.801113	49.303734
19.801132	49.299225
19.801146	49.296371
19.801151	49.294712
19.801165	49.291336
19.80117	49.290203
19.808027	49.290215
19.808823	49.290215
19.813583	49.290222
19.814882	49.290226
19.814899	49.285717
19.814915	49.281952
19.814917	49.281204
19.81558	49.281204
19.821774	49.281219
19.821775	49.280926
19.821789	49.276707
19.821804	49.272194
19.814955	49.272182
19.81497	49.267673
19.808117	49.267658
19.806564	49.267654
19.801266	49.267647
19.801285	49.263134
19.794434	49.263123
19.794451	49.25861
19.79447	49.254272
19.79447	49.254101
19.794313	49.254101
19.790556	49.254093
19.78808	49.254086
19.787621	49.254086
19.787642	49.249577
19.787661	49.245064
19.787668	49.243347
19.78768	49.240551
19.786261	49.240547
19.783463	49.240543
19.78083	49.24054
19.773981	49.240524
19.774006	49.236012
19.774017	49.232944
19.774025	49.231503
19.774046	49.22699
19.770905	49.226982
19.7672	49.226974
19.767221	49.222462
19.767244	49.217953
19.767263	49.213791
19.767265	49.21344
19.767288	49.208927
19.767311	49.204418
19.76733	49.199905
19.774176	49.199921
19.781019	49.199936
19.787863	49.199951
19.787882	49.195438
19.794724	49.195454
19.797283	49.195457
19.801565	49.195465
19.805353	49.195473
19.808409	49.19548
19.808401	49.1973
19.808392	49.199989
19.815233	49.200005
19.815248	49.196686
19.815252	49.195492
19.822094	49.195503
19.828936	49.195515
19.833172	49.195522
19.835777	49.195526
19.835785	49.194107
19.835794	49.19109
19.835794	49.191013
19.836424	49.191013
19.842636	49.191025
19.849478	49.191036
19.856319	49.191044
19.863161	49.191055
19.86315	49.195568
19.868185	49.195572
19.864958	49.198223
19.864752	49.198395
19.870926	49.202377
19.876478	49.204502
19.883398	49.204857
19.883999	49.204887
19.888594	49.211372
19.894421	49.214062
19.899035	49.21677
19.900608	49.221046
19.90259	49.223373
19.902405	49.230812
19.912195	49.234615
19.922747	49.237206
19.93042	49.237015
19.934284	49.236919
19.943678	49.235786
19.947193	49.235363
19.956575	49.234074
19.957636	49.233929
19.959301	49.2337
19.962601	49.233402
19.972998	49.232468
19.97344	49.232471
19.97748	49.232491
19.984459	49.232529
19.988218	49.228779
19.989361	49.227638
19.989761	49.227238
19.990259	49.226738
19.993153	49.225266
19.994843	49.224407
19.995874	49.224163
19.997995	49.223663
19.998404	49.223568
20.009834	49.219894
20.008211	49.213863
20.00839	49.213703
20.011322	49.211082
20.013691	49.208023
20.015888	49.205177
20.017641	49.204056
20.021547	49.201557
20.028353	49.201447
20.0298	49.201096
20.035906	49.199623
20.042627	49.194698
20.047665	49.19186
20.050743	49.190128
20.060057	49.187172
20.067953	49.184204
20.070337	49.183109
20.074566	49.181168
20.081224	49.179794
20.088926	49.180611
20.091747	49.180908
20.089739	49.186275
20.090284	49.189487
20.086475	49.192486
20.086363	49.195908
20.086287	49.198212
20.087034	49.201233
20.087507	49.203148
20.088139	49.205853
20.089127	49.210091
20.092499	49.216988
20.09334	49.217888
20.095547	49.220257
20.096003	49.220745
20.096874	49.221275
20.099714	49.223
20.100107	49.22366
20.102606	49.227837
20.100754	49.232918
20.100672	49.234337
20.100645	49.234798
20.100508	49.237152
20.10051	49.24202
20.102077	49.247013
20.102247	49.252346
20.104151	49.25425
20.106449	49.256554
20.108675	49.258125
20.113262	49.261368
20.116497	49.266178
20.117092	49.267063
20.118135	49.267769
20.122889	49.270996
20.123363	49.271618
20.12698	49.27636
20.128138	49.281292
20.128286	49.281921
20.128483	49.284996
20.128702	49.288456
20.129305	49.289879
20.130276	49.292175
20.13139	49.294823
20.131638	49.295406
20.131235	49.296597
20.130873	49.297684
20.130352	49.299236
20.132481	49.301292
20.13328	49.302063
20.136103	49.305519
20.136662	49.308498
20.141018	49.314434
20.144159	49.315144
20.144943	49.315319
20.14513	49.315968
20.147079	49.322723
20.150566	49.319172
20.151987	49.317722
20.158161	49.309235
20.161608	49.308605
20.16461	49.308056
20.165361	49.307919
20.165876	49.308304
20.171484	49.312531
20.173487	49.314041
20.171509	49.31881
20.169649	49.323296
20.173492	49.328999
20.175674	49.328701
20.180262	49.328079
20.180334	49.328068
20.181192	49.328468
20.181417	49.328575
20.185547	49.330509
20.189329	49.334782
20.19132	49.339195
20.192207	49.341156
20.198561	49.343666
20.203894	49.344326
20.207388	49.344757
20.207577	49.344788
20.212666	49.345558
20.219702	49.346622
20.229763	49.346745
20.23691	49.34943
20.242119	49.351982
20.243719	49.351994
20.253675	49.352062
20.26222	49.348854
20.264313	49.348854
20.27035	49.34885
20.27187	49.351936
20.272221	49.352646
20.287283	49.35342
20.30048	49.348866
20.30769	49.345825
20.308889	49.345322
20.312368	49.343853
20.312708	49.344051
20.31354	49.344536
20.320383	49.348541
20.322268	49.34964
20.322662	49.352127
20.323582	49.357899
20.323633	49.358231
20.324533	49.361546
20.325314	49.364422
20.325708	49.366566
20.326103	49.368721
20.326536	49.371075
20.326609	49.371475
20.326015	49.37273
20.323042	49.379021
20.322285	49.380619
20.326841	49.387058
20.326906	49.38723
20.327642	49.389114
20.32939	49.393597
20.318808	49.392105
20.320629	49.399158
20.324596	49.405823
20.326033	49.408237
20.32815	49.407619
20.337912	49.404762
20.349678	49.403397
20.352398	49.401993
20.355503	49.400391
20.367662	49.402012
20.368126	49.406059
20.368221	49.406883
20.373875	49.410805
20.375519	49.409431
20.379105	49.406441
20.379189	49.406372
20.379972	49.399448
20.38014	49.395477
20.380209	49.393829
20.384777	49.392292
20.386724	49.391636
20.388977	49.392338
20.39327	49.393673
20.401304	49.394642
20.403252	49.394878
20.405287	49.395859
20.410231	49.398235
20.415462	49.400497
20.413738	49.403778
20.413122	49.404949
20.417028	49.408634
20.423891	49.406025
20.426544	49.405018
20.426714	49.40453
20.427174	49.403194
20.427807	49.401356
20.43029	49.398624
20.433615	49.399727
20.434162	49.405346
20.434202	49.405506
20.435329	49.410103
20.433041	49.41021
20.428839	49.410408
20.429205	49.416824
20.432398	49.421364
20.438578	49.417133
20.439201	49.416706
20.444258	49.415745
20.447725	49.415085
20.454706	49.418041
20.471041	49.416733
20.472261	49.416634
20.473812	49.415615
20.474333	49.415272
20.48073	49.411072
20.480995	49.410896
20.49295	49.407681
20.49847	49.406544
20.506571	49.404881
20.507999	49.40192
20.508446	49.400993
20.507938	49.396717
20.507799	49.39555
20.515348	49.393917
20.518688	49.393196
20.52058	49.392628
20.531431	49.389355
20.537136	49.388241
20.542929	49.387112
20.551119	49.382793
20.554688	49.381573
20.558245	49.38036
20.561144	49.3811
20.564178	49.381874
20.57082	49.380531
20.575056	49.379677
20.576529	49.383385
20.577042	49.384666
20.582609	49.388813
20.588722	49.387646
20.593235	49.386787
20.598627	49.39225
20.601404	49.397789
20.601992	49.39896
20.60589	49.403721
20.612375	49.405296
20.612242	49.41119
20.611929	49.417145
20.616379	49.421856
20.622499	49.414829
20.623888	49.413235
20.632397	49.411255
20.632675	49.41119
20.636009	49.410412
20.636244	49.410233
20.64098	49.406525
20.642792	49.405106
20.644817	49.404739
20.653055	49.403255
20.659792	49.403999
20.661999	49.404243
20.662977	49.405552
20.665817	49.409359
20.675266	49.413052
20.682428	49.416504
20.685413	49.418678
20.68819	49.420704
20.693323	49.420635
20.698887	49.420559
20.712317	49.419621
20.717619	49.419846
20.723715	49.420105
20.724474	49.418674
20.724836	49.417988
20.725924	49.415936
20.732847	49.417156
20.73398	49.417149
20.739861	49.41711
20.744432	49.414547
20.744715	49.411564
20.741743	49.407726
20.743166	49.404861
20.751322	49.403049
20.755192	49.401398
20.754044	49.400421
20.751076	49.397892
20.746881	49.395027
20.748951	49.39204
20.750055	49.390446
20.758574	49.386341
20.757896	49.382046
20.756418	49.37838
20.758017	49.374714
20.764851	49.37513
20.772903	49.37698
20.78087	49.377113
20.785963	49.374542
20.781687	49.370586
20.780609	49.368988
20.78038	49.368649
20.778902	49.366459
20.781721	49.362228
20.787617	49.362862
20.788715	49.36298
20.795027	49.363911
20.803869	49.363869
20.808084	49.36113
20.806871	49.357002
20.803091	49.360664
20.797832	49.361053
20.799692	49.356468
20.799423	49.35495
20.799009	49.352581
20.797266	49.348679
20.802002	49.347607
20.806683	49.349327
20.807943	49.349789
20.812933	49.348309
20.816372	49.343163
20.817495	49.342007
20.820152	49.339272
20.827253	49.336075
20.833599	49.336746
20.834425	49.336834
20.839836	49.339184
20.845345	49.342743
20.850674	49.348537
20.857244	49.3498
20.863981	49.347347
20.865961	49.345413
20.869772	49.341682
20.875826	49.337288
20.881079	49.33334
20.878902	49.327835
20.876104	49.324455
20.873993	49.323162
20.870773	49.32119
20.876997	49.31953
20.880398	49.32029
20.882673	49.320797
20.885471	49.324177
20.892815	49.325851
20.900089	49.324825
20.904289	49.321507
20.900789	49.317154
20.907629	49.312866
20.910168	49.307194
20.917692	49.303593
20.922247	49.300388
20.929075	49.299072
20.932659	49.299816
20.936584	49.300629
20.943672	49.30349
20.953732	49.304817
20.96126	49.309853
20.970182	49.310547
20.978933	49.309006
20.980492	49.309406
20.981119	49.309566
20.986715	49.311001
20.988735	49.315376
20.990477	49.319141
20.989189	49.321659
20.98699	49.325954
20.990368	49.329361
20.992947	49.331963
21.001162	49.334255
21.00762	49.336666
21.009136	49.337234
21.009289	49.343475
21.009317	49.344673
21.017378	49.349373
21.02343	49.355953
21.029917	49.359562
21.038853	49.362988
21.045778	49.367397
21.050709	49.36541
21.054609	49.363838
21.064425	49.366009
21.076155	49.363659
21.086765	49.367313
21.095461	49.372517
21.101337	49.376404
21.100822	49.377747
21.100233	49.379276
21.099421	49.38139
21.096592	49.382996
21.095102	49.383842
21.092857	49.385117
21.092375	49.385223
21.090029	49.385746
21.086901	49.38644
21.080067	49.391117
21.078775	49.391998
21.076998	49.392689
21.069046	49.395786
21.067595	49.397663
21.066696	49.398823
21.066671	49.399273
21.066532	49.401802
21.066433	49.403633
21.065308	49.403717
21.063545	49.403851
21.061256	49.404022
21.054258	49.404552
21.050085	49.410069
21.049791	49.410458
21.048786	49.413586
21.048573	49.414249
21.04727	49.418297
21.056915	49.420189
21.064381	49.423218
21.067261	49.424732
21.068602	49.425438
21.071672	49.427052
21.075375	49.426865
21.079817	49.426643
21.086674	49.429214
21.090202	49.429623
21.094559	49.430122
21.097784	49.428925
21.100431	49.42794
21.106512	49.426025
21.107069	49.42585
21.107182	49.425816
21.107639	49.426079
21.113945	49.429703
21.117765	49.433228
21.118502	49.433907
21.12212	49.437248
21.128084	49.435959
21.135712	49.434315
21.143953	49.431164
21.14473	49.430866
21.14587	49.430466
21.148418	49.429569
21.151928	49.428337
21.153227	49.427879
21.158543	49.420429
21.16843	49.415024
21.179373	49.410366
21.182236	49.406773
21.183207	49.405556
21.183453	49.405426
21.189005	49.402496
21.189413	49.402279
21.198984	49.405296
21.205235	49.404694
21.206169	49.404602
21.208254	49.40625
21.213388	49.410313
21.220062	49.413738
21.225233	49.41732
21.226233	49.418015
21.226173	49.418358
21.22537	49.423054
21.224007	49.427017
21.223831	49.427525
21.229195	49.431931
21.232908	49.436665
21.242294	49.436821
21.245592	49.439758
21.249535	49.443272
21.25683	49.447098
21.263433	49.449429
21.264341	49.452187
21.26539	49.455379
21.269821	49.460464
21.27886	49.461071
21.283966	49.458755
21.289009	49.456467
21.291368	49.455521
21.295912	49.453705
21.29925	49.45237
21.30035	49.452099
21.308538	49.450085
21.31081	49.449528
21.320728	49.449505
21.330561	49.451138
21.338566	49.452103
21.343473	49.452698
21.348255	49.448524
21.349918	49.447079
21.350266	49.446774
21.350843	49.446579
21.362078	49.442791
21.36871	49.438641
21.374128	49.43536
21.382826	49.436985
21.389462	49.43742
21.392742	49.437637
21.403681	49.435143
21.404617	49.434242
21.409849	49.429218
21.416529	49.425362
21.416941	49.425125
21.418137	49.424435
21.421747	49.421589
21.424049	49.419773
21.430025	49.416904
21.432348	49.415791
21.441631	49.415066
21.446104	49.415501
21.447239	49.415611
21.452423	49.416115
21.460596	49.415424
21.464605	49.415085
21.474949	49.414639
21.475992	49.415207
21.480064	49.417419
21.48189	49.421265
21.482492	49.422539
21.483212	49.424049
21.486504	49.428558
21.488243	49.429359
21.49143	49.430832
21.495453	49.430038
21.498262	49.429485
21.500811	49.427673
21.504477	49.425064
21.50531	49.424469
21.506281	49.423965
21.506624	49.423786
21.513075	49.420429
21.515966	49.420105
21.516687	49.419128
21.519487	49.419086
21.521517	49.419056
21.52636	49.418987
21.533234	49.418884
21.533382	49.423439
21.533527	49.427902
21.533672	49.432411
21.540548	49.432312
21.547424	49.432209
21.547482	49.43396
21.547483	49.434052
21.547571	49.436718
21.553846	49.436623
21.554447	49.436615
21.559746	49.436535
21.561323	49.436512
21.561375	49.437973
21.561474	49.441021
21.565672	49.44096
21.56835	49.440918
21.568708	49.440914
21.575226	49.440811
21.575142	49.438282
21.575075	49.436302
21.575478	49.436295
21.580231	49.436226
21.581951	49.436199
21.588827	49.436092
21.589502	49.436081
21.593847	49.436016
21.595703	49.435989
21.602577	49.435883
21.602646	49.437874
21.602732	49.440392
21.607809	49.440311
21.609608	49.440285
21.610126	49.440277
21.616486	49.440178
21.616636	49.444553
21.61664	49.444687
21.623516	49.44458
21.624329	49.444569
21.630396	49.444469
21.630503	49.447666
21.630548	49.448978
21.637426	49.448872
21.637272	49.444363
21.644148	49.444252
21.64399	49.439743
21.650866	49.439636
21.650709	49.435127
21.657583	49.435017
21.657522	49.433338
21.657425	49.430508
21.657267	49.425999
21.657236	49.425106
21.657125	49.421902
21.657108	49.42149
21.657579	49.421482
21.659	49.421459
21.663982	49.421379
21.663841	49.417374
21.663822	49.41687
21.664925	49.416851
21.670696	49.416759
21.677568	49.416649
21.684443	49.416538
21.691315	49.416424
21.691994	49.416412
21.695112	49.416363
21.696972	49.416332
21.698189	49.416313
21.705059	49.416199
21.706549	49.416176
21.710131	49.416115
21.711933	49.416084
21.718805	49.415974
21.725676	49.415859
21.725527	49.411678
21.725515	49.41135
21.725361	49.407143
21.725348	49.406841
21.725185	49.402416
21.725183	49.402328
21.731321	49.402225
21.732054	49.402214
21.732033	49.401638
21.731943	49.399281
21.731888	49.397705
21.73691	49.397617
21.737015	49.397617
21.738474	49.397594
21.738758	49.397591
21.738705	49.396137
21.738699	49.395969
21.738592	49.393082
21.742428	49.393017
21.745462	49.392967
21.752331	49.392849
21.752232	49.390209
21.752186	49.388931
21.752163	49.38834
21.754063	49.388309
21.759031	49.388226
21.75897	49.386562
21.758863	49.383717
21.763491	49.383636
21.765732	49.383598
21.765564	49.379089
21.765394	49.37458
21.772261	49.374462
21.772093	49.369953
21.772043	49.368652
21.771921	49.365444
21.771833	49.363041
21.771755	49.360935
21.774595	49.360886
21.775961	49.360863
21.778622	49.360817
21.785482	49.360699
21.785324	49.356499
21.785313	49.35619
21.789255	49.356121
21.792177	49.356071
21.792349	49.36058
21.792427	49.362675
21.792519	49.365089
21.79269	49.369598
21.796152	49.369537
21.798668	49.369495
21.799555	49.36948
21.799593	49.370506
21.799726	49.373989
21.799795	49.375809
21.799898	49.378498
21.802391	49.378456
21.806767	49.37838
21.806854	49.380711
21.806938	49.382889
21.812267	49.382793
21.813807	49.382767
21.818394	49.382687
21.820673	49.382648
21.820707	49.383545
21.820847	49.387157
21.826294	49.387062
21.827717	49.387035
21.834583	49.386913
21.83474	49.390919
21.834743	49.391052
21.834759	49.391422
21.837198	49.39138
21.838326	49.391361
21.841627	49.3913
21.848494	49.391178
21.848366	49.387783
21.848318	49.386669
21.849411	49.38665
21.855188	49.386547
21.855011	49.382038
21.861877	49.381916
21.8617	49.377407
21.861523	49.372898
21.864489	49.372845
21.868389	49.372772
21.875256	49.37265
21.877127	49.372616
21.881468	49.372536
21.881866	49.372528
21.88212	49.372524
21.888987	49.372398
21.88883	49.368435
21.888807	49.367889
21.889566	49.367874
21.895674	49.367764
21.895491	49.363255
21.902355	49.363129
21.902176	49.35862
21.901993	49.354111
21.907404	49.354012
21.908855	49.353985
21.91572	49.353859
21.922583	49.353729
21.929445	49.353603
21.936308	49.353474
21.936125	49.348965
21.942986	49.348839
21.949848	49.348709
21.952261	49.348663
21.956711	49.348579
21.958912	49.348537
21.961527	49.348488
21.963573	49.34845
21.970434	49.348316
21.970261	49.34412
21.970247	49.343807
21.971106	49.343792
21.977112	49.343678
21.976994	49.340923
21.976921	49.339169
21.976732	49.33466
21.983593	49.33453
21.983402	49.330021
21.983215	49.325512
21.983089	49.322559
21.983025	49.321003
21.983829	49.320988
21.989883	49.320869
21.989695	49.31636
21.989506	49.311852
21.996361	49.311722
21.996172	49.307213
22.003027	49.307079
22.002834	49.30257
22.009693	49.302437
22.009499	49.297928
22.015753	49.297806
22.016356	49.297794
22.016323	49.297043
22.016165	49.293285
22.019182	49.293228
22.023018	49.293152
22.022825	49.288643
22.029678	49.288509
22.029524	49.284912
22.029486	49.284
22.03091	49.283974
22.036339	49.283863
22.036144	49.279354
22.036011	49.276222
22.035952	49.274845
22.035757	49.270336
22.035564	49.265827
22.042416	49.265694
22.042219	49.261185
22.04217	49.260052
22.042025	49.256676
22.04183	49.252167
22.041653	49.247997
22.041637	49.247658
22.041445	49.243149
22.041248	49.23864
22.041056	49.234131
22.040859	49.229622
22.040667	49.225109
22.047512	49.224976
22.047318	49.220467
22.054161	49.220329
22.054047	49.217743
22.054028	49.217247
22.053965	49.21582
22.058334	49.215733
22.060085	49.215698
22.060806	49.215683
22.067652	49.215549
22.067545	49.213108
22.067541	49.213024
22.067455	49.211037
22.068741	49.21101
22.074299	49.210899
22.074947	49.210888
22.07653	49.210857
22.081141	49.210762
22.087978	49.210625
22.094822	49.210487
22.094696	49.207611
22.094624	49.205978
22.101093	49.205845
22.101465	49.205837
22.106628	49.205734
22.108307	49.2057
22.108295	49.205429
22.108271	49.20488
22.108107	49.201191
22.114946	49.20105
22.115749	49.201035
22.121788	49.200909
22.128628	49.200768
22.135469	49.200626
22.141096	49.200512
22.142309	49.200485
22.149149	49.200344
22.148945	49.195835
22.148798	49.192581
22.148741	49.191326
22.15328	49.191231
22.155581	49.191181
22.155518	49.18977
22.155376	49.186672
22.161974	49.186535
22.162214	49.186531
22.167658	49.186417
22.169052	49.186386
22.174599	49.186268
22.175892	49.186241
22.175875	49.185886
22.175686	49.181732
22.182522	49.181587
22.188244	49.181465
22.18936	49.181442
22.196198	49.181297
22.196108	49.179344
22.196032	49.177662
22.19599	49.176788
22.195782	49.172279
22.202618	49.172134
22.202826	49.176643
22.209661	49.176495
22.209818	49.179798
22.209873	49.181004
22.216709	49.180859
22.223547	49.18071
22.223759	49.185219
22.230597	49.185074
22.230385	49.180565
22.234009	49.180485
22.237223	49.180416
22.237009	49.175907
22.243847	49.175758
22.243633	49.171249
22.243422	49.16674
22.236586	49.166889
22.236374	49.16238
22.236336	49.161579
22.236158	49.157871
22.236076	49.156086
22.236061	49.155739
22.235949	49.153362
22.235739	49.148853
22.242571	49.148705
22.249405	49.148556
22.256233	49.148407
22.263067	49.148254
22.26742	49.148159
22.269901	49.148106
22.275497	49.147984
22.276733	49.147957
22.283566	49.147804
22.283487	49.146202
22.283457	49.14555
22.283348	49.143295
22.29018	49.143143
22.296396	49.143005
22.297012	49.14299
22.303844	49.142838
22.30377	49.1413
22.303625	49.138329
22.310457	49.138176
22.317287	49.138023
22.317068	49.133514
22.323898	49.133362
22.32412	49.137871
22.33095	49.137714
22.331173	49.142223
22.338003	49.142071
22.338167	49.145397
22.338224	49.14658
22.345057	49.146423
22.351889	49.146267
22.358721	49.146111
22.365553	49.145954
22.372387	49.145798
22.374451	49.145752
22.379215	49.145641
22.37899	49.141132
22.38582	49.140972
22.385595	49.136463
22.385479	49.134117
22.385466	49.133869
22.38537	49.131954
22.388666	49.131878
22.389927	49.131851
22.3922	49.131798
22.392097	49.129749
22.391975	49.127346
22.396175	49.127213
22.398802	49.127129
22.398726	49.125626
22.398575	49.12262
22.398359	49.118328
22.398348	49.118111
22.39863	49.118103
22.405176	49.117954
22.404947	49.113445
22.411776	49.113285
22.411547	49.108776
22.418373	49.108616
22.418182	49.104839
22.418144	49.104107
22.419834	49.104069
22.424971	49.103947
22.431795	49.103786
22.438622	49.103622
22.442387	49.103535
22.445448	49.103462
22.452272	49.103298
22.459099	49.103138
22.459932	49.103119
22.465925	49.102974
22.468737	49.102905
22.47275	49.10281
22.472649	49.100883
22.472515	49.098301
22.477533	49.098179
22.479342	49.098137
22.486168	49.097973
22.485947	49.093784
22.485929	49.093464
22.486614	49.093449
22.492754	49.0933
22.492619	49.090717
22.492531	49.089058
22.492517	49.088791
22.494652	49.088737
22.497311	49.088673
22.498131	49.088654
22.499344	49.088623
22.505526	49.088474
22.506165	49.088459
22.506176	49.088669
22.50639	49.092728
22.506403	49.092968
22.50894	49.092907
22.513226	49.0928
22.51556	49.092743
22.52005	49.092632
22.526875	49.092464
22.533695	49.092297
22.540522	49.092129
22.547346	49.091961
22.554171	49.091793
22.554667	49.091782
22.560993	49.091621
22.567816	49.091454
22.567574	49.086945
22.567913	49.086937
22.567696	49.086178
22.564964	49.08617
22.560942	49.086155
22.561666	49.07975
22.563087	49.074135
22.553976	49.074207
22.553928	49.074127
22.553024	49.072575
22.547031	49.062275
22.547995	49.056107
22.545816	49.027534
22.547331	49.021984
22.540518	49.021503
22.537466	49.021286
22.538988	49.015923
22.539045	49.01572
22.540533	49.010471
22.540625	49.010151
22.542158	49.004597
22.539278	49.004398
22.532248	49.003914
22.52387	48.997677
22.513912	48.997005
22.507349	48.996758
22.504269	48.996643
22.504091	48.99773
22.503271	49.002789
22.494501	49.003284
22.495319	48.996964
22.486593	48.997501
22.477964	48.998131
22.470076	48.992367
22.470787	48.985935
22.470842	48.985466
22.471315	48.981339
22.471523	48.97953
22.470776	48.979584
22.462891	48.98016
22.463549	48.974266
22.463608	48.973736
22.462648	48.97303
22.455702	48.967945
22.429014	48.942863
22.428844	48.940315
22.428612	48.936829
22.425003	48.936623
22.422897	48.936501
22.422777	48.934525
22.422523	48.930485
22.428185	48.930805
22.42778	48.924805
22.42211	48.924465
22.421997	48.923023
22.421646	48.918446
22.421572	48.917583
22.421129	48.912422
22.416744	48.907761
22.415705	48.906654
22.415195	48.906113
22.415176	48.905926
22.413685	48.890991
22.413391	48.888084
22.410627	48.886902
22.396788	48.880981
22.3964	48.880569
22.390688	48.874508
22.38476	48.873913
22.384562	48.868782
22.384531	48.867996
22.384298	48.862083
22.383896	48.850266
22.377924	48.849644
22.377769	48.843739
22.377651	48.837845
22.377598	48.833996
22.377571	48.83197
22.377562	48.826134
22.378185	48.8148
22.378563	48.813755
22.37995	48.809898
22.381168	48.807835
22.382603	48.80542
22.377548	48.80402
22.376226	48.803654
22.372215	48.80254
22.373981	48.797653
22.374353	48.797043
22.376669	48.793224
22.36622	48.790264
22.367004	48.788136
22.368011	48.785404
22.35944	48.783382
22.352884	48.776623
22.347422	48.775818
22.346237	48.775642
22.3463	48.773277
22.346375	48.770458
22.34639	48.769894
22.34667	48.764221
22.347137	48.759037
22.34717	48.758667
22.343637	48.75806
22.340109	48.757454
22.346888	48.753971
22.348099	48.753349
22.348864	48.751522
22.350073	48.748615
22.351252	48.748985
22.361565	48.75222
22.364258	48.747795
22.366865	48.743244
22.3692	48.738365
22.358654	48.735741
22.35837	48.735668
22.358425	48.735573
22.361057	48.731232
22.352442	48.723473
22.355202	48.719147
22.357883	48.714703
22.346676	48.711269
22.346457	48.711201
22.3466	48.710983
22.349249	48.706917
22.354055	48.697628
22.351618	48.696941
22.349468	48.696339
22.343157	48.694557
22.342913	48.694481
22.336752	48.692501
22.33156	48.69083
22.320009	48.687134
22.30995	48.684265
22.308788	48.684021
22.307974	48.683849
22.302094	48.682617
22.302286	48.680885
22.302713	48.677124
22.295244	48.675694
22.295691	48.670101
22.288469	48.668808
22.281748	48.661957
22.274933	48.660889
22.275061	48.655125
22.26022	48.652821
22.260874	48.647137
22.261436	48.641441
22.254705	48.640388
22.253557	48.640209
22.246252	48.633354
22.246387	48.632156
22.246899	48.627602
22.238962	48.626568
22.239595	48.620766
22.231663	48.619797
22.22418	48.624023
22.223026	48.624672
22.223152	48.623589
22.22369	48.618851
22.215687	48.617908
22.216354	48.612091
22.2097	48.611309
22.208334	48.611149
22.200891	48.610275
22.200296	48.610207
22.200327	48.609951
22.200975	48.604389
22.195845	48.603905
22.192974	48.603634
22.190441	48.598934
22.186354	48.591335
22.179735	48.579041
22.173117	48.566753
22.173506	48.563099
22.173758	48.56076
22.16778	48.542477
22.169058	48.530487
22.169699	48.524494
22.164322	48.519833
22.162439	48.5182
22.163078	48.512207
22.1626	48.509125
22.158379	48.481934
22.15304	48.457657
22.149158	48.450451
22.146423	48.44537
22.146917	48.440739
22.147701	48.43338
22.148342	48.427387
22.140448	48.427086
22.141724	48.4151
22.147711	48.411812
22.150757	48.410137
22.144287	48.404671
22.142771	48.403389
22.145187	48.403694
22.152035	48.404552
22.157322	48.405392
22.156754	48.400959
22.152555	48.398434
22.144135	48.39642
22.136003	48.393379
22.136383	48.392559
22.138231	48.388561
22.14217	48.384182
22.13578	48.382935
22.130802	48.382755
22.127384	48.382629
22.124983	48.381889
22.124809	48.381836
22.12384	48.381538
22.120079	48.380398
22.116051	48.381443
22.112032	48.382484
22.108274	48.381355
22.107016	48.380978
22.103827	48.380173
22.100979	48.379452
22.100422	48.379757
22.096601	48.381828
22.095451	48.382935
22.093927	48.384403
22.093742	48.38422
22.0928	48.383263
22.09189	48.382339
22.087976	48.378376
22.083513	48.376186
22.082142	48.37851
22.081455	48.382996
22.079329	48.384922
22.076569	48.387424
22.075806	48.38736
22.070833	48.386925
22.070145	48.386055
22.069971	48.385838
22.068127	48.383511
22.062563	48.383247
22.056499	48.382633
22.055752	48.379711
22.052076	48.37907
22.043285	48.384571
22.03466	48.385788
22.02858	48.38979
22.028355	48.389977
22.025915	48.392025
22.025124	48.392689
22.019138	48.391788
22.018888	48.391018
22.017933	48.388054
22.007729	48.383038
21.997528	48.380482
21.986111	48.380749
21.978388	48.380749
21.973354	48.383266
21.973286	48.38324
21.964766	48.379799
21.958775	48.382427
21.957617	48.382935
21.955074	48.381107
21.950052	48.377495
21.944412	48.376587
21.938631	48.37254
21.932318	48.374458
21.93111	48.374825
21.931328	48.374119
21.933468	48.367161
21.933071	48.364418
21.922012	48.366444
21.916059	48.369267
21.909481	48.368153
21.906338	48.370792
21.902742	48.365837
21.893373	48.365639
21.894756	48.371105
21.888735	48.368893
21.887421	48.368408
21.885668	48.366894
21.882128	48.363827
21.879084	48.357769
21.871574	48.36039
21.866903	48.354427
21.863493	48.36071
21.862568	48.362415
21.860186	48.368141
21.847166	48.367157
21.840023	48.36491
21.839455	48.361588
21.839066	48.359314
21.840061	48.353115
21.839895	48.346077
21.839985	48.344288
21.84042	48.335529
21.828508	48.334187
21.821857	48.336781
21.814871	48.339741
21.810091	48.340302
21.804939	48.341892
21.796516	48.34185
21.78599	48.340576
21.774237	48.340824
21.773382	48.340843
21.766373	48.343163
21.763935	48.344498
21.75791	48.347801
21.745684	48.350407
21.745222	48.350388
21.732946	48.349922
21.726931	48.353416
21.720095	48.35791
21.719912	48.358948
21.719345	48.36216
21.718691	48.36681
21.7118	48.368938
21.709965	48.369503
21.709824	48.375755
21.703815	48.385899
21.703276	48.386814
21.696274	48.389107
21.68948	48.391331
21.680822	48.392757
21.676092	48.393539
21.675653	48.394249
21.671288	48.401314
21.667084	48.407291
21.666805	48.415524
21.66678	48.416317
21.662661	48.421978
21.656155	48.430527
21.646093	48.440285
21.642107	48.442757
21.633785	48.447906
21.629637	48.459156
21.628588	48.461914
21.625538	48.469936
21.624823	48.479225
21.622469	48.490326
21.617702	48.499577
21.614574	48.512917
21.605778	48.512459
21.605593	48.512634
21.598083	48.519764
21.590462	48.514473
21.588713	48.51326
21.587164	48.512184
21.581244	48.506573
21.572639	48.506847
21.566549	48.513603
21.560734	48.510513
21.555662	48.51078
21.547688	48.511501
21.545973	48.514313
21.545431	48.515202
21.538767	48.516304
21.534521	48.521935
21.5263	48.531418
21.523563	48.534645
21.521908	48.536594
21.519644	48.539268
21.519718	48.540791
21.520164	48.54985
21.514017	48.553406
21.509356	48.557266
21.503717	48.556458
21.500662	48.55983
21.493633	48.560757
21.482992	48.566051
21.469618	48.570011
21.460541	48.575893
21.455872	48.576145
21.449263	48.576504
21.446329	48.580734
21.445108	48.581882
21.441425	48.585346
21.436256	48.585461
21.431087	48.585579
21.427101	48.580959
21.426512	48.578045
21.425507	48.573086
21.422382	48.564034
21.418646	48.560841
21.411312	48.560795
21.40661	48.563854
21.404757	48.56506
21.404255	48.565384
21.402748	48.564919
21.387093	48.56007
21.382532	48.558659
21.375584	48.559753
21.363651	48.561104
21.344736	48.559818
21.332169	48.55814
21.331488	48.560932
21.330444	48.565205
21.322954	48.563213
21.322756	48.563076
21.319328	48.560753
21.321701	48.558979
21.322697	48.558235
21.324871	48.557976
21.328785	48.55751
21.325356	48.553555
21.321215	48.553833
21.321123	48.553837
21.319595	48.55394
21.320381	48.553032
21.32044	48.552967
21.322414	48.55069
21.321857	48.549309
21.321083	48.54739
21.321396	48.544281
21.321463	48.543602
21.316011	48.540943
21.31859	48.53598
21.317934	48.535759
21.308302	48.532486
21.306606	48.528625
21.29863	48.52721
21.293621	48.527092
21.288359	48.52697
21.276649	48.529396
21.262472	48.530426
21.250952	48.535759
21.243517	48.542179
21.239059	48.541832
21.234352	48.541466
21.233267	48.539791
21.23098	48.536259
21.222607	48.538162
21.217831	48.53228
21.21113	48.532726
21.210468	48.53125
21.203379	48.527927
21.202633	48.527943
21.193228	48.528137
21.191851	48.527115
21.188623	48.524719
21.185165	48.523472
21.180864	48.521919
21.174072	48.522316
21.170128	48.522545
21.166151	48.522797
21.160753	48.523136
21.159267	48.521969
21.155891	48.519318
21.154814	48.517044
21.152555	48.51228
21.147709	48.504166
21.137842	48.497044
21.137289	48.496834
21.126419	48.492744
21.115992	48.492496
21.106409	48.494297
21.101284	48.500614
21.101326	48.501865
21.101477	48.506447
21.101063	48.512581
21.094423	48.520061
21.083998	48.522675
21.076548	48.52248
21.075722	48.522457
21.071941	48.524483
21.067942	48.526623
21.060015	48.525272
21.056759	48.524719
21.056499	48.524673
21.056284	48.524803
21.053404	48.526543
21.053293	48.526608
21.040688	48.5285
21.033798	48.529652
21.029713	48.530334
21.028353	48.530563
21.024385	48.533314
21.018099	48.533226
21.014458	48.531311
21.012056	48.530048
21.010464	48.530087
20.99571	48.530441
20.993301	48.527714
20.986963	48.520538
20.983774	48.526199
20.971529	48.522865
20.965693	48.523159
20.963535	48.523266
20.959776	48.527035
20.959229	48.532188
20.949535	48.535946
20.948671	48.536282
20.942291	48.535854
20.942333	48.537319
20.942369	48.538658
20.94244	48.541172
20.938162	48.53928
20.93734	48.541428
20.934725	48.54826
20.93079	48.553944
20.928764	48.556866
20.927347	48.557682
20.920635	48.561546
20.914167	48.561291
20.896345	48.55629
20.880777	48.551918
20.878279	48.551216
20.877918	48.551983
20.876738	48.554497
20.872904	48.554153
20.867151	48.553638
20.862408	48.560055
20.854151	48.566681
20.844395	48.56628
20.845757	48.572052
20.846876	48.574249
20.848129	48.576714
20.84881	48.579979
20.849524	48.583401
20.840296	48.586376
20.830044	48.583744
20.818724	48.579422
20.811026	48.575657
20.807978	48.574165
20.80508	48.574955
20.804962	48.574986
20.798304	48.576801
20.775888	48.576546
20.743914	48.577087
20.742355	48.573498
20.743832	48.570446
20.734528	48.570892
20.720942	48.571156
20.720148	48.571171
20.707092	48.569595
20.694143	48.565449
20.685905	48.561741
20.683952	48.560863
20.683235	48.561653
20.678658	48.5667
20.668783	48.564518
20.656624	48.564358
20.651188	48.560349
20.639864	48.559097
20.632587	48.553391
20.623764	48.55228
20.618601	48.544495
20.606901	48.545586
20.599154	48.541599
20.590946	48.536629
20.590322	48.536251
20.589947	48.536369
20.564142	48.54446
20.555447	48.54454
20.546856	48.545887
20.536366	48.525898
20.527596	48.530846
20.518806	48.534641
20.507484	48.533085
20.506323	48.530663
20.504065	48.52597
20.503817	48.525043
20.502424	48.519871
20.501928	48.518032
20.507359	48.514317
20.509192	48.510014
20.509663	48.508919
20.507273	48.506538
20.505619	48.504887
20.503551	48.496262
20.501785	48.489643
20.501137	48.489223
20.495514	48.48558
20.495293	48.485199
20.491663	48.478977
20.4907	48.477322
20.485163	48.47142
20.482082	48.469883
20.477514	48.467602
20.467491	48.464031
20.465122	48.463188
20.465475	48.462105
20.466408	48.459225
20.46756	48.455673
20.468044	48.454178
20.460846	48.452263
20.457071	48.45126
20.45344	48.450294
20.445004	48.444763
20.441759	48.437222
20.441492	48.436604
20.435192	48.431164
20.42771	48.42585
20.4265	48.425102
20.416235	48.418736
20.414553	48.414417
20.413345	48.411324
20.420483	48.40657
20.416725	48.398819
20.414787	48.391335
20.409977	48.386738
20.408035	48.385643
20.402775	48.382683
20.404928	48.378632
20.405096	48.378311
20.41081	48.371162
20.407326	48.363819
20.402206	48.359425
20.399128	48.356781
20.39558	48.355709
20.394653	48.355431
20.387312	48.353214
20.38588	48.347126
20.385647	48.346142
20.3741	48.338264
20.372793	48.337372
20.372398	48.335537
20.371487	48.331318
20.375439	48.326481
20.373936	48.325264
20.371088	48.322968
20.364822	48.31815
20.358873	48.311386
20.352942	48.308578
20.34877	48.306602
20.341757	48.30769
20.338488	48.302048
20.334593	48.294182
20.328445	48.290565
20.327486	48.284504
20.326529	48.278336
20.320297	48.274319
20.31459	48.273495
20.308611	48.272633
20.309464	48.26696
20.297777	48.264244
20.295795	48.264141
20.287142	48.263687
20.279409	48.267464
20.269543	48.272053
20.259394	48.275383
20.250654	48.280888
20.239985	48.283585
20.235752	48.281765
20.233179	48.280655
20.235891	48.273087
20.232052	48.268131
20.224545	48.264523
20.22036	48.264008
20.216997	48.263596
20.208376	48.265945
20.208742	48.261589
20.208368	48.25869
20.20817	48.257137
20.199127	48.253525
20.189163	48.25375
20.188517	48.253765
20.172945	48.255299
20.165981	48.25531
20.165785	48.25531
20.160015	48.255318
20.150719	48.257488
20.145237	48.258514
20.139347	48.259617
20.13658	48.257175
20.134615	48.250546
20.135283	48.242817
20.133707	48.237576
20.132433	48.233334
20.130672	48.223221
20.12538	48.220451
20.121368	48.218349
20.110872	48.21315
20.099064	48.206345
20.089903	48.198429
20.086891	48.195827
20.080479	48.195213
20.069851	48.194199
20.067785	48.185802
20.07379	48.184845
20.077093	48.184319
20.078178	48.181793
20.058531	48.175945
20.052441	48.170982
20.050865	48.169697
20.050694	48.169559
20.048698	48.167931
20.046738	48.168285
20.042479	48.169052
20.040564	48.174782
20.032379	48.176369
20.028107	48.176239
20.020996	48.176022
20.014633	48.17305
20.010696	48.171211
20.00733	48.171524
19.99785	48.172409
19.992054	48.169102
19.987133	48.168118
19.985682	48.166904
19.982594	48.16433
19.973583	48.166496
19.973467	48.166527
19.967569	48.164822
19.963293	48.159542
19.960888	48.153923
19.951662	48.152237
19.945887	48.14761
19.939585	48.14082
19.935753	48.136002
19.934046	48.13385
19.932686	48.133049
19.928228	48.130417
19.926924	48.129646
19.917059	48.130482
19.910828	48.130672
19.905367	48.127296
19.898378	48.129269
19.897717	48.133575
19.901056	48.137508
19.909081	48.142891
19.910328	48.147598
19.910648	48.148804
19.909538	48.149372
19.902714	48.152863
19.897615	48.159325
19.896296	48.162216
19.894819	48.165447
19.889727	48.165672
19.887566	48.165768
19.886518	48.165836
19.882376	48.165871
19.88133	48.165894
19.877743	48.169109
19.875582	48.171043
19.868599	48.171764
19.867222	48.171429
19.861256	48.169971
19.858517	48.17205
19.85664	48.173477
19.856384	48.173672
19.853733	48.17762
19.848953	48.176052
19.848482	48.175545
19.844198	48.170948
19.842999	48.16938
19.839285	48.164524
19.833941	48.164856
19.832476	48.164944
19.831013	48.165035
19.825825	48.169434
19.816639	48.170586
19.815662	48.169815
19.809912	48.165287
19.806345	48.159145
19.805285	48.157314
19.798887	48.155838
19.796017	48.156494
19.789242	48.158039
19.784395	48.161987
19.783554	48.16267
19.784742	48.168533
19.788126	48.173386
19.794411	48.178238
19.801508	48.184162
19.803267	48.187996
19.803406	48.188297
19.800833	48.194187
19.796396	48.195393
19.795179	48.195724
19.792578	48.195637
19.787725	48.195477
19.785761	48.197685
19.783318	48.199932
19.781332	48.201756
19.779589	48.203358
19.778059	48.203972
19.775227	48.205112
19.770597	48.206974
19.766844	48.20969
19.766048	48.210266
19.76305	48.212433
19.758583	48.214813
19.754347	48.217072
19.742596	48.218388
19.73369	48.216618
19.725933	48.209213
19.725853	48.209164
19.717939	48.204277
19.707119	48.203392
19.695665	48.205845
19.688103	48.210899
19.679482	48.21587
19.674711	48.222305
19.673168	48.230576
19.672876	48.238186
19.665031	48.242966
19.65654	48.240608
19.6479	48.240829
19.641544	48.246498
19.637367	48.2523
19.637087	48.252697
19.636847	48.252663
19.630491	48.251698
19.628635	48.251419
19.622057	48.247707
19.613464	48.242718
19.604658	48.236588
19.595434	48.230518
19.587227	48.224369
19.578964	48.216911
19.569677	48.215824
19.560331	48.21307
19.548775	48.210987
19.543394	48.210884
19.541372	48.210846
19.537821	48.210777
19.527809	48.206432
19.524654	48.19997
19.528028	48.194416
19.524454	48.188126
19.51757	48.184753
19.511551	48.179371
19.508457	48.174732
19.509634	48.167507
19.512466	48.161049
19.511831	48.153286
19.504257	48.147411
19.496233	48.140682
19.496746	48.133923
19.495277	48.122112
19.494469	48.1189
19.493067	48.113338
19.490677	48.110928
19.489866	48.110111
19.485155	48.105354
19.478401	48.102497
19.47242	48.100136
19.469353	48.093384
19.468939	48.09024
19.46863	48.087902
19.466269	48.088165
19.461313	48.088718
19.456715	48.091194
19.456593	48.091354
19.453953	48.094845
19.455671	48.099903
19.461014	48.101902
19.462254	48.102367
19.461149	48.105019
19.454752	48.104954
19.444799	48.103916
19.438011	48.102547
19.432842	48.098858
19.428453	48.093266
19.424206	48.091805
19.420673	48.090591
19.416521	48.090553
19.409405	48.090492
19.404078	48.087048
19.403372	48.08659
19.393526	48.088173
19.387377	48.092911
19.377518	48.092545
19.375406	48.092468
19.373005	48.090054
19.372049	48.089092
19.368942	48.090038
19.366304	48.090839
19.357676	48.092983
19.344204	48.093365
19.331329	48.091393
19.329973	48.090992
19.320812	48.088299
19.313959	48.089245
19.309593	48.089848
19.298399	48.089275
19.296495	48.087341
19.29336	48.084152
19.285652	48.081799
19.282837	48.080936
19.280378	48.078068
19.27751	48.074722
19.270279	48.075161
19.270016	48.075176
19.266289	48.07872
19.261776	48.078793
19.261402	48.074257
19.261337	48.073479
19.257286	48.072716
19.255424	48.072365
19.249434	48.069366
19.248419	48.064411
19.244368	48.057831
19.236631	48.057159
19.235382	48.057053
19.226761	48.059349
19.22591	48.061676
19.225269	48.063435
19.216539	48.065052
19.205805	48.065777
19.201899	48.06443
19.198477	48.063251
19.19306	48.062889
19.19124	48.062767
19.187189	48.062496
19.186596	48.062683
19.178829	48.065136
19.16721	48.067474
19.153635	48.069836
19.143932	48.073174
19.134304	48.076336
19.124825	48.07349
19.124531	48.073223
19.119831	48.068935
19.11722	48.068771
19.113077	48.068508
19.099218	48.070072
19.08902	48.074379
19.081802	48.072708
19.080667	48.071442
19.076426	48.066715
19.066072	48.064911
19.065105	48.064743
19.060463	48.062222
19.057917	48.060841
19.052279	48.063541
19.049959	48.065109
19.046919	48.067162
19.035936	48.068165
19.030592	48.072231
19.020756	48.077274
19.012491	48.077946
19.011524	48.075817
19.010687	48.073971
19.006254	48.0714
19.005476	48.07095
19.002743	48.070679
19.000191	48.070423
18.994785	48.069885
18.994347	48.069035
18.994074	48.068508
18.991177	48.062893
18.987555	48.058361
18.983168	48.058018
18.977472	48.057571
18.972454	48.057255
18.967731	48.056953
18.957457	48.058334
18.942446	48.059761
18.939507	48.06004
18.935347	48.05954
18.934418	48.059429
18.929056	48.058788
18.928358	48.058342
18.926022	48.05685
18.922384	48.054527
18.912971	48.053261
18.910501	48.05352
18.902512	48.054363
18.895464	48.057159
18.893478	48.057949
18.888588	48.056759
18.886089	48.056152
18.881744	48.052402
18.881119	48.051865
18.875549	48.047176
18.868093	48.047585
18.867626	48.047611
18.860092	48.050217
18.859592	48.050388
18.848053	48.05246
18.845903	48.051659
18.838842	48.049026
18.836157	48.043842
18.827343	48.042339
18.828304	48.036217
18.828163	48.030331
18.824348	48.027683
18.819054	48.023567
18.817236	48.015579
18.818264	48.013172
18.820789	48.007256
18.819719	48.001434
18.819181	47.999813
18.81744	47.996754
18.814173	47.998505
18.813105	47.997948
18.811232	47.996975
18.808588	47.995598
18.809946	47.994614
18.811861	47.993225
18.812826	47.992527
18.807322	47.990017
18.807083	47.989971
18.806917	47.989941
18.798134	47.988274
18.791485	47.98893
18.787872	47.989285
18.782442	47.987801
18.776159	47.986374
18.772091	47.988979
18.765991	47.986633
18.766409	47.983189
18.762388	47.983326
18.758291	47.978992
18.753313	47.975681
18.756659	47.970993
18.764091	47.968739
18.764206	47.968704
18.771601	47.966011
18.774656	47.962196
18.777552	47.958027
18.77548	47.95462
18.772326	47.954807
18.770365	47.954922
18.771395	47.952686
18.773392	47.948353
18.773586	47.94606
18.773903	47.942379
18.774048	47.940662
18.772346	47.936234
18.771948	47.935616
18.768612	47.930458
18.762907	47.925705
18.758568	47.92255
18.757874	47.922043
18.758013	47.921143
18.758642	47.917061
18.762585	47.912045
18.75934	47.90765
18.76214	47.903999
18.759865	47.900192
18.759001	47.898746
18.760258	47.897243
18.762661	47.89436
18.764666	47.891396
18.76609	47.889286
18.768326	47.88385
18.763411	47.882774
18.763342	47.874741
18.763329	47.873302
18.765823	47.872643
18.768551	47.871918
18.770643	47.869576
18.779152	47.869938
18.783197	47.867271
18.792315	47.866825
18.797049	47.859924
18.807404	47.857193
18.815365	47.854557
18.817947	47.852535
18.82176	47.849545
18.822178	47.84922
18.824865	47.842178
18.827229	47.838169
18.827763	47.837265
18.830727	47.833103
18.835964	47.830276
18.838556	47.830181
18.843718	47.82999
18.850597	47.830734
18.853828	47.829037
18.855661	47.828072
18.851147	47.823334
18.849382	47.82206
18.849073	47.82077
18.848766	47.819485
18.8482	47.817108
18.83296	47.817513
18.816109	47.818123
18.799355	47.818676
18.781986	47.819103
18.765827	47.818798
18.763041	47.818676
18.754362	47.818295
18.742258	47.815502
18.739971	47.814053
18.737034	47.812191
18.734442	47.810547
18.730673	47.803692
18.72883	47.797527
18.725735	47.791424
18.718248	47.78693
18.709501	47.782322
18.697569	47.776131
18.686373	47.770805
18.6775	47.766937
18.674675	47.765705
18.662952	47.761345
18.646488	47.760448
18.639208	47.76001
18.635916	47.759811
18.631645	47.759556
18.617119	47.759243
18.601454	47.760979
18.588814	47.763893
18.569954	47.767147
18.567696	47.767376
18.55423	47.768738
18.552414	47.768921
18.544977	47.767792
18.538527	47.766815
18.527508	47.762169
18.519354	47.758408
18.518486	47.758175
18.506874	47.755077
18.505432	47.754692
18.493811	47.753998
18.48262	47.75634
18.472399	47.7607
18.460583	47.764301
18.451851	47.765343
18.448315	47.765766
18.438095	47.763126
18.431152	47.75948
18.429041	47.758369
18.41774	47.75462
18.415983	47.754036
18.400726	47.752701
18.393648	47.751728
18.387947	47.750946
18.373873	47.747101
18.362486	47.74432
18.346272	47.740795
18.328922	47.738853
18.312275	47.735664
18.300837	47.733719
18.297651	47.733177
18.295126	47.732746
18.278715	47.733391
18.263077	47.736576
18.249216	47.740185
18.232031	47.741219
18.219585	47.742657
18.202982	47.741341
18.185797	47.739437
18.171947	47.742176
18.154638	47.746807
18.14624	47.74931
18.142673	47.750374
18.141773	47.750645
18.126404	47.753117
18.112347	47.754463
18.097631	47.755943
18.096401	47.756065
18.089317	47.756504
18.082954	47.756901
18.077187	47.756981
18.069185	47.757095
18.056458	47.75668
18.041061	47.757076
18.029634	47.755703
18.018946	47.752609
18.0114	47.749332
18.011257	47.749271
18.003345	47.747025
17.999559	47.74786
17.986876	47.75214
17.979656	47.754574
17.968761	47.757652
17.964722	47.7575
17.962627	47.75742
17.954121	47.75161
17.953657	47.751293
17.95084	47.749249
17.944345	47.74453
17.924797	47.744064
17.913233	47.742851
17.909977	47.742512
17.905333	47.740715
17.898935	47.738239
17.886206	47.739258
17.87908	47.741638
17.869499	47.744839
17.861933	47.745007
17.849213	47.742584
17.848036	47.742359
17.835129	47.743023
17.823238	47.743103
17.822485	47.743156
17.804485	47.744389
17.795462	47.743244
17.794708	47.743149
17.794182	47.74308
17.782801	47.741943
17.780739	47.741737
17.770502	47.744617
17.769279	47.745464
17.763542	47.749432
17.757528	47.750679
17.740128	47.75182
17.731916	47.753151
17.725039	47.754269
17.710066	47.760162
17.709332	47.760448
17.700684	47.766792
17.695986	47.770237
17.682941	47.778927
17.66604	47.786922
17.664026	47.787876
17.6623	47.788788
17.64901	47.795826
17.638243	47.802326
17.63443	47.80463
17.62604	47.81102
17.622728	47.813541
17.611448	47.820816
17.610157	47.821648
17.608992	47.822399
17.595722	47.823265
17.588379	47.821167
17.58308	47.819653
17.574436	47.815441
17.566957	47.816574
17.558905	47.825737
17.553392	47.833176
17.546152	47.845898
17.536041	47.859325
17.535093	47.860588
17.534897	47.860722
17.527191	47.866039
17.52462	47.867813
17.513464	47.867348
17.500044	47.870613
17.48912	47.875942
17.476311	47.881565
17.462379	47.885403
17.451733	47.892841
17.450714	47.893551
17.443413	47.90443
17.442175	47.906727
17.441395	47.908173
17.435396	47.919277
17.426468	47.930447
17.416582	47.938919
17.402679	47.955853
17.391403	47.963814
17.381977	47.960335
17.379755	47.959824
17.379248	47.959709
17.376184	47.961327
17.373024	47.965427
17.367756	47.972267
17.348036	47.991047
17.334515	47.99786
17.32954	47.998268
17.312235	47.999691
17.286261	47.997055
17.258446	48.001358
17.254719	48.004768
17.250891	48.009384
17.251108	48.016258
17.248636	48.01836
17.246332	48.020317
17.2404	48.019341
17.238375	48.019009
17.236012	48.018871
17.23497	48.018829
17.229145	48.018463
17.212727	48.02079
17.20524	48.017483
17.202206	48.017418
17.191759	48.0172
17.181787	48.01511
17.181488	48.015049
17.17704	48.013817
17.172651	48.012604
17.162361	48.008858
17.152506	48.016102
17.147648	48.020836
17.142988	48.022713
17.137939	48.026993
17.131002	48.024231
17.128492	48.023232
17.126614	48.024696
17.117048	48.032146
17.112032	48.032265
17.110144	48.03231
17.10247	48.027962
17.09547	48.022232
17.078596	48.029701
17.069386	48.033779
17.071915	48.035748
17.079498	48.041664
17.08075	48.042347
17.089827	48.047314
17.088646	48.052589
17.081497	48.054077
17.0758	48.055565
17.070866	48.05685
17.079494	48.062401
17.082506	48.063965
17.089401	48.067535
17.074699	48.072746
17.0709	48.074093
17.074972	48.076298
17.076326	48.07703
17.074299	48.079288
17.07373	48.079918
17.076513	48.083672
17.084242	48.090664
17.089582	48.09333
17.092596	48.094833
17.085867	48.100288
17.07725	48.107269
17.072184	48.111145
17.07428	48.112335
17.080559	48.115894
17.079269	48.117825
17.078634	48.118774
17.07296	48.116467
17.070162	48.117802
17.065151	48.125114
17.070072	48.128178
17.06315	48.138054
17.061092	48.140991
17.059216	48.143673
17.058208	48.145107
17.055058	48.144337
17.049107	48.142887
17.039339	48.141754
17.032087	48.142776
17.0301	48.143448
17.024092	48.14547
17.017902	48.149303
17.011148	48.154442
17.000128	48.16151
16.991674	48.165585
16.988663	48.167034
16.987862	48.167393
16.978926	48.171383
16.975241	48.173027
16.978737	48.178268
16.977322	48.187447
16.97386	48.196579
16.96969	48.203823
16.964277	48.214512
16.958096	48.225613
16.950565	48.232883
16.947687	48.240864
16.948132	48.248192
16.949413	48.254662
16.950771	48.258934
16.951214	48.260323
16.953077	48.264545
16.952246	48.265247
16.949171	48.267834
16.949919	48.272472
16.948427	48.275349
16.942501	48.274761
16.938356	48.272724
16.927828	48.273876
16.921408	48.275578
16.918625	48.279095
16.913727	48.284622
16.907202	48.290623
16.908632	48.294674
16.901527	48.296158
16.896231	48.297333
16.90041	48.302635
16.894424	48.304386
16.887934	48.305801
16.889011	48.3074
16.889938	48.308769
16.89053	48.308662
16.893787	48.308064
16.894341	48.31052
16.895929	48.312447
16.896599	48.313255
16.896847	48.31319
16.901821	48.311848
16.903393	48.314133
16.900333	48.315815
16.900385	48.317055
16.900459	48.318966
16.901356	48.319809
16.903837	48.322155
16.906303	48.326439
16.90127	48.329384
16.894522	48.33149
16.886759	48.335144
16.877615	48.338413
16.870184	48.341545
16.871416	48.344398
16.87388	48.349541
16.867802	48.350784
16.86478	48.351139
16.860598	48.351627
16.852602	48.350235
16.846249	48.35136
16.843983	48.355328
16.843439	48.357944
16.842768	48.361179
16.839481	48.366467
16.840477	48.371567
16.840109	48.37603
16.837643	48.379082
16.834175	48.383396
16.836105	48.384377
16.83876	48.385727
16.842985	48.384773
16.84425	48.384487
16.848875	48.38406
16.851063	48.38726
16.851095	48.390354
16.852184	48.394764
16.854473	48.399616
16.856001	48.404541
16.851431	48.40535
16.850342	48.405544
16.846573	48.407166
16.848841	48.409676
16.849543	48.409863
16.853067	48.410797
16.851904	48.41396
16.849997	48.415936
16.849009	48.416958
16.851877	48.419113
16.854958	48.418476
16.857277	48.417995
16.862217	48.420887
16.860882	48.424274
16.859472	48.425446
16.857901	48.426758
16.853994	48.430279
16.851124	48.435452
16.849234	48.44268
16.849947	48.447052
16.849977	48.447254
16.849426	48.451561
16.853413	48.453545
16.859274	48.454601
16.860847	48.456596
16.86051	48.457581
16.8601	48.458775
16.858246	48.462051
16.860191	48.463833
16.863037	48.466442
16.869267	48.469669
16.874495	48.474339
16.876287	48.475754
16.879971	48.478657
16.884644	48.478676
16.886856	48.478683
16.888794	48.481594
16.890472	48.485252
16.893188	48.488384
16.891068	48.491379
16.887745	48.493973
16.891136	48.496536
16.891947	48.496815
16.895893	48.498169
16.900991	48.499622
16.906666	48.498848
16.911154	48.497414
16.912327	48.497036
16.915031	48.499599
16.91464	48.501888
16.913557	48.504936
16.913103	48.510094
16.912289	48.513683
16.912136	48.514343
16.913528	48.514565
16.916616	48.51506
16.922388	48.514568
16.922113	48.519268
16.923203	48.520912
16.923433	48.521259
16.931126	48.521652
16.932577	48.521729
16.935431	48.523422
16.943651	48.524921
16.943279	48.529503
16.945135	48.532932
16.948624	48.535255
16.947712	48.538074
16.945284	48.540043
16.943441	48.541534
16.945122	48.544399
16.950655	48.544983
16.952162	48.548073
16.948235	48.550617
16.945253	48.553509
16.944609	48.557232
16.945789	48.560894
16.943211	48.56234
16.940441	48.567463
16.940313	48.567623
16.939672	48.568417
16.939486	48.568649
16.937054	48.571667
16.939283	48.571838
16.941895	48.572037
16.941063	48.574562
16.939039	48.575699
16.937462	48.576588
16.932125	48.577026
16.93199	48.580521
16.936949	48.583012
16.938379	48.586117
16.938553	48.586494
16.942974	48.588364
16.94232	48.590714
16.938362	48.592346
16.940298	48.594799
16.937761	48.595886
16.935413	48.596893
16.93359	48.601948
16.936293	48.604279
16.941347	48.607803
16.940727	48.612736
16.939997	48.617306
16.93985	48.618244
16.935419	48.61937
16.932705	48.62006
16.929424	48.620644
16.926317	48.621197
16.927036	48.621437
16.945807	48.627705
16.949657	48.630699
16.955139	48.634964
16.957035	48.6385
16.960194	48.644394
16.960314	48.644619
16.962879	48.652554
16.964949	48.661171
16.966385	48.667107
16.967602	48.672146
16.968033	48.673931
16.971491	48.68491
16.972158	48.687027
16.976048	48.689354
16.977739	48.690369
16.982557	48.693253
16.985704	48.694469
16.987391	48.695126
17.00128	48.700516
16.999182	48.709129
16.999409	48.711777
16.999683	48.714993
17.001234	48.716335
17.006449	48.720852
17.015297	48.72776
17.014755	48.736374
17.016127	48.740704
17.016834	48.742924
17.025667	48.753624
17.030855	48.756145
17.041304	48.761227
17.04442	48.768124
17.047239	48.774036
17.047544	48.774677
17.05953	48.781921
17.077265	48.788834
17.088045	48.794064
17.088131	48.794106
17.092918	48.796429
17.095507	48.806698
17.096045	48.80883
17.10388	48.817112
17.104004	48.817688
17.105957	48.826767
17.106882	48.828426
17.112375	48.838264
17.11327	48.839867
17.127893	48.845726
17.146168	48.849415
17.146761	48.849552
17.159781	48.856419
17.160353	48.856789
17.171095	48.863705
17.181742	48.870556
17.184958	48.872486
17.199533	48.881229
17.22356	48.876743
17.22813	48.87595
17.248892	48.872337
17.25334	48.871563
17.267078	48.867466
17.27422	48.865337
17.278603	48.863552
17.294573	48.857048
17.312145	48.849537
17.318033	48.847019
17.319769	48.846245
17.340446	48.83699
17.362858	48.828686
17.388952	48.82692
17.399485	48.828285
17.409855	48.829628
17.41054	48.829941
17.417093	48.832916
17.428719	48.8382
17.432898	48.83989
17.446526	48.845394
17.465319	48.844315
17.475208	48.839466
17.479658	48.834579
17.48245	48.831516
17.491783	48.822872
17.501089	48.812504
17.515165	48.809708
17.526674	48.813118
17.53393	48.816277
17.542397	48.819962
17.559679	48.825756
17.565306	48.827541
17.581156	48.832577
17.593784	48.841488
17.609579	48.854176
17.611734	48.854668
17.625828	48.857899
17.64673	48.858505
17.667727	48.859318
17.670769	48.859436
17.681709	48.859818
17.686552	48.859985
17.696915	48.860344
17.713749	48.869228
17.728006	48.880527
17.731676	48.883984
17.739655	48.891495
17.745794	48.898441
17.750271	48.903507
17.761894	48.912403
17.768438	48.915825
17.775599	48.919571
17.778214	48.92001
17.803387	48.924244
17.827494	48.92617
17.831028	48.926201
17.850214	48.926361
17.851044	48.926369
17.86832	48.927299
17.881548	48.936172
17.882704	48.943401
17.884935	48.952003
17.888813	48.96405
17.889141	48.969021
17.889498	48.97438
17.890797	48.989201
17.899368	49.000519
17.907892	49.00806
17.91213	49.01181
17.9238	49.019306
17.937649	49.023064
17.941183	49.024021
17.952391	49.026012
17.961687	49.027664
17.984219	49.026466
18.014166	49.029343
18.028938	49.02953
18.030939	49.029556
18.044092	49.031525
18.057852	49.037964
18.070576	49.044762
18.080109	49.049801
18.082777	49.051212
18.089392	49.05706
18.089727	49.057358
18.096195	49.065918
18.106493	49.081001
18.108685	49.086723
18.111488	49.094055
18.111837	49.096664
18.112839	49.104206
18.113365	49.108173
18.117989	49.127792
18.117002	49.128891
18.113705	49.132572
18.111723	49.134785
18.111467	49.135067
18.107719	49.139248
18.108835	49.142239
18.11116	49.148457
18.111938	49.150536
18.117741	49.166058
18.120256	49.185341
18.12442	49.192142
18.127722	49.19754
18.13117	49.203175
18.134335	49.210373
18.136154	49.214512
18.13958	49.226891
18.144079	49.23996
18.146166	49.245781
18.147804	49.250347
18.14913	49.254044
18.157957	49.27224
18.177761	49.285515
18.184816	49.287579
18.188082	49.288532
18.207485	49.294205
18.230003	49.297222
18.238708	49.298389
18.273703	49.305973
18.298058	49.309971
18.311312	49.312149
18.330875	49.319454
18.33194	49.319851
18.334627	49.320854
18.340075	49.322887
18.361971	49.333
18.379688	49.344189
18.3953	49.35664
18.39588	49.357105
18.396734	49.358612
18.403656	49.370819
18.402365	49.38187
18.401178	49.385361
18.400723	49.386696
18.398952	49.391903
18.415396	49.394131
18.416498	49.394302
18.433969	49.39703
18.436928	49.398197
18.443853	49.400928
18.448402	49.402725
18.46393	49.409786
18.46912	49.412422
18.474936	49.415375
18.477884	49.41687
18.496794	49.430782
18.509727	49.438908
18.522869	49.453915
18.533873	49.467583
18.533953	49.467815
18.536261	49.474483
18.536816	49.476086
18.538507	49.480972
18.536247	49.493412
18.538399	49.497044
18.54294	49.504715
18.558023	49.512806
18.573881	49.511917
18.577177	49.511192
18.593885	49.507526
18.594683	49.507393
18.620224	49.503048
18.63596	49.504089
18.641989	49.50449
18.65358	49.50494
18.661631	49.505249
18.668514	49.505516
18.679855	49.504414
18.687092	49.503712
18.693325	49.503105
18.715981	49.499352
18.728678	49.494991
18.730885	49.494232
18.734831	49.492878
18.741131	49.494099
18.749762	49.49577
18.75774	49.499935
18.766491	49.504501
18.782106	49.511864
18.797506	49.516922
18.798187	49.517147
18.804621	49.518528
18.806328	49.518894
18.814745	49.520699
18.839981	49.525616
18.842609	49.526127
18.842913	49.519012
18.843	49.516972
18.850496	49.518581
18.854658	49.518627
18.856297	49.518646
18.863058	49.518723
18.863188	49.518723
18.865381	49.518745
18.870073	49.518799
18.876963	49.518871
18.883852	49.518948
18.883896	49.517185
18.883917	49.516262
18.883959	49.514439
18.890846	49.514511
18.897734	49.514584
18.904625	49.514656
18.904587	49.516155
18.904583	49.516354
18.904518	49.519169
18.911407	49.519241
18.918295	49.519314
18.919107	49.519321
18.924986	49.519379
18.925184	49.519382
18.932072	49.519455
18.938961	49.519524
18.94585	49.519596
18.95274	49.519665
18.952839	49.515156
18.959728	49.515224
18.959806	49.511738
18.959827	49.510715
18.961218	49.510731
18.965839	49.510777
18.966715	49.510784
18.966736	49.509789
18.966816	49.506275
18.972479	49.506332
18.9737	49.506344
18.973799	49.501831
18.973898	49.497322
18.96818	49.497265
18.967012	49.497253
18.967045	49.495766
18.967112	49.492744
18.967211	49.488235
18.96731	49.483727
18.967407	49.479214
18.967506	49.474705
18.967606	49.470196
18.967707	49.465687
18.9678	49.461178
18.967886	49.457333
18.967901	49.456665
18.968	49.452156
18.972485	49.452202
18.97488	49.452225
18.974977	49.447716
18.975075	49.443203
18.97995	49.443253
18.981953	49.443272
18.982038	49.439308
18.982052	49.438763
18.982124	49.43541
18.982145	49.434254
18.982748	49.434258
18.985628	49.434284
18.989025	49.434319
18.98912	49.42981
18.98922	49.425301
18.984503	49.425255
18.982342	49.425232
18.982376	49.423683
18.982437	49.420723
18.979837	49.420696
18.977522	49.420673
18.975563	49.420654
18.975592	49.41943
18.975662	49.416145
18.975761	49.411633
18.975859	49.407124
18.975956	49.402615
18.980526	49.40266
18.982828	49.402683
18.982903	49.399231
18.982925	49.39817
18.984009	49.398182
18.984423	49.398186
18.989798	49.398239
18.99667	49.398304
18.999903	49.398335
19.003542	49.398373
19.01041	49.398438
19.017282	49.398502
19.024153	49.398567
19.024191	49.396851
19.024246	49.394058
19.031116	49.394123
19.037991	49.394188
19.037895	49.398697
19.044767	49.398762
19.044678	49.403271
19.051548	49.403336
19.051458	49.407845
19.051367	49.412354
19.058241	49.412418
19.058153	49.416718
19.058149	49.416927
19.065023	49.416988
19.065113	49.412479
19.071987	49.41254
19.071896	49.417049
19.078773	49.417114
19.085646	49.417171
19.087547	49.417187
19.09252	49.417233
19.099394	49.417294
19.099482	49.412785
19.099489	49.412361
19.099562	49.408585
19.099567	49.408272
19.10037	49.408279
19.10644	49.408333
19.113314	49.40839
19.120188	49.408451
19.120253	49.40485
19.12027	49.403942
19.127144	49.403999
19.128719	49.404011
19.134014	49.404057
19.13393	49.408566
19.140804	49.408623
19.147675	49.40868
19.154552	49.408737
19.161423	49.408794
19.161661	49.408798
19.168295	49.408848
19.16823	49.412487
19.168217	49.413357
19.169741	49.413368
19.175091	49.413414
19.181963	49.413467
19.188837	49.413521
19.195709	49.413574
19.195635	49.418087
19.202118	49.418137
19.202509	49.41814
19.202433	49.422649
19.202356	49.427158
19.200558	49.427143
19.19548	49.427105
19.195404	49.431618
19.19537	49.433624
19.195351	49.434658
19.195326	49.436127
19.19525	49.440636
19.195173	49.445148
19.202051	49.445202
19.201977	49.449711
19.208853	49.449764
19.208803	49.452782
19.208778	49.454273
19.215656	49.454327
19.222538	49.454376
19.22942	49.45443
19.229343	49.458939
19.229267	49.463448
19.229197	49.46796
19.229158	49.470234
19.229122	49.472469
19.227825	49.472462
19.22224	49.47242
19.222187	49.475636
19.222166	49.476929
19.222092	49.481438
19.22591	49.481468
19.228973	49.481491
19.228903	49.486
19.228889	49.486717
19.228827	49.490509
19.22875	49.495018
19.23564	49.495071
19.235588	49.498184
19.235565	49.49958
19.237024	49.499592
19.242123	49.499626
19.242451	49.49963
19.242378	49.504143
19.242306	49.508652
19.242231	49.513184
19.242174	49.516853
19.242163	49.51767
19.243168	49.517677
19.248034	49.517715
19.249048	49.517723
19.249039	49.518372
19.248985	49.521725
19.248978	49.522232
19.255409	49.522278
19.255865	49.522282
19.255863	49.522537
19.255817	49.525501
19.255795	49.526791
19.262688	49.52684
19.262615	49.531349
19.262602	49.532295
19.262545	49.535858
19.269438	49.535908
19.276327	49.535957
19.28322	49.536003
19.286722	49.53603
19.290112	49.536053
19.297003	49.536098
19.301321	49.536129
19.303896	49.536144
19.303885	49.536873
19.303827	49.540653
19.31072	49.540703
19.317616	49.540745
19.324505	49.540791
19.324572	49.536282
19.331463	49.536327
19.335548	49.536354
19.338354	49.536369
19.345245	49.536415
19.345182	49.540924
19.352076	49.540966
19.358971	49.541012
19.365858	49.541054
19.366344	49.541058
19.36669	49.541061
19.372753	49.541096
19.372692	49.545605
19.372633	49.550114
19.372572	49.554623
19.372513	49.559135
19.372454	49.563644
19.372391	49.568153
19.373957	49.568165
19.379288	49.568195
19.379271	49.569653
19.379242	49.571606
19.379229	49.572704
19.386126	49.572746
19.393023	49.572788
19.393003	49.574284
19.392965	49.577297
19.399862	49.577335
19.404648	49.577366
19.406757	49.577377
19.406733	49.579479
19.406729	49.579865
19.406704	49.581886
19.407913	49.581894
19.408857	49.581898
19.413601	49.581924
19.413557	49.585438
19.413546	49.586433
19.413488	49.590946
19.413454	49.593784
19.413433	49.595455
19.41942	49.59549
19.420334	49.595493
19.427233	49.595531
19.427179	49.60004
19.43408	49.600079
19.440983	49.600117
19.447836	49.600155
19.454782	49.600189
19.454733	49.604698
19.461634	49.604736
19.468534	49.604771
19.468546	49.603798
19.468588	49.600327
19.475487	49.600296
19.475494	49.599686